gi_48994873_gb_U00096.2_
19851 20458
223680 225738
228767 228950
239153 239302
269818 270930
273234 274318
278441 279101
289720 290570
314508 315652
339155 339339
356700 356899
374367 374494
380539 381761
525009 525889
566049 567203
573864 574958
577544 577664
579587 580054
607285 608519
687125 688217
728609 730882
731555 731913
733426 734266
736322 737840
914322 914414
1049106 1049714
1093523 1096570
1268371 1269662
1286164 1286341
1394120 1395212
1421418 1421538
1426075 1426239
1464425 1464824
1465988 1468485
1530055 1530900
1630639 1632991
1633918 1634861
1648922 1649517
2064255 2065268
2067019 2068242
2099825 2100917
2168248 2169397
2227234 2227326
2286996 2288080
2302450 2302788
2512350 2513584
2519250 2519494
2660515 2660605
2724255 2729452
2815860 2816517
2945572 2945681
2994438 2995658
3128747 3129313
3184172 3184742
3364029 3364721
3421336 3426961
3581505 3582167
3617351 3618689
3619347 3620830
3622209 3623006
3650108 3651204
3664283 3665404
3706382 3706549
3761486 3763855
3765298 3765543
3939740 3944917
4033243 4038768
4164377 4166182
4166699 4169933
4174157 4175077
4205921 4206023
4207726 4211134
4293913 4294366
4496884 4497480
4505536 4505607
