gi_48994873_gb_U00096.2_
4534 6034
22595 27600
40421 40674
55686 58500
63229 66138
69446 76420
83278 88563
96738 108784
128901 135482
162328 164892
185196 186343
201148 206855
221525 223366
242510 245312
265786 266659
282972 283191
320181 325812
341526 342496
352440 357411
371865 378894
407641 411050
424662 440045
450495 455151
472696 472834
478064 482110
504786 510937
573584 575123
600290 601646
620472 624602
701609 703230
732511 732901
793545 798071
809869 816248
823780 837727
861485 863266
874042 875845
895160 895780
906057 919323
923487 934873
961570 968546
980879 981446
997962 1001447
1019738 1024072
1028852 1037950
1076454 1079485
1133802 1145325
1154518 1171569
1174907 1183533
1195889 1205180
1243186 1260913
1268233 1272448
1282587 1288034
1314673 1315065
1321732 1321786
1335593 1336683
1347796 1350024
1352685 1375765
1389726 1390102
1408710 1409006
1456265 1460186
1476311 1478732
1498085 1504466
1574695 1575924
1597412 1620591
1666351 1669997
1682762 1683868
1716504 1724615
1739140 1739525
1819469 1820468
1858475 1860781
1896967 1911356
1915165 1915284
1925810 1926606
1941873 1946958
1951808 1960727
2048405 2048790
2058942 2073862
2078858 2081411
2147435 2164845
2184533 2199830
2216803 2232965
2242723 2253574
2274523 2274726
2301563 2302515
2307206 2311679
2321169 2334043
2365571 2367406
2372465 2374396
2409521 2411256
2423805 2428643
2446203 2450891
2509760 2511408
2537197 2538073
2558374 2561692
2602960 2605626
2612535 2616131
2641057 2641796
2660828 2661927
2669228 2677028
2686138 2690474
2695219 2695965
2711528 2713678
2729656 2734538
2817884 2826751
2841581 2842365
2847848 2848207
2863870 2874064
2881278 2883492
2916330 2916908
2921567 2923198
2929898 2933980
2954749 2955987
2965165 2969231
3012710 3018067
3027164 3028984
3040035 3041265
3055396 3065143
3093131 3095249
3112557 3119295
3139559 3139746
3158454 3159654
3192344 3193828
3204698 3208293
3212708 3213452
3216654 3216965
3222046 3230174
3243464 3247538
3266130 3271084
3299470 3310926
3320979 3324872
3332326 3337883
3355170 3359949
3363244 3365283
3404792 3406003
3411804 3428895
3431044 3439569
3494493 3496717
3499122 3501429
3507277 3508451
3518017 3522371
3526157 3528821
3545650 3546967
3584368 3584563
3592947 3595504
3663285 3665148
3682216 3683860
3726601 3731167
3759844 3760429
3817439 3818243
3851589 3865056
3877127 3904049
3921594 3922363
3972699 3983077
3992615 3993222
4045974 4047889
4058791 4066786
4092828 4102047
4129496 4133817
4140785 4151593
4197063 4200952
4210481 4219406
4264472 4277011
4280263 4283537
4284666 4295201
4299037 4309694
4315504 4318624
4321734 4324944
4343631 4345425
4358220 4359663
4370268 4380778
4393574 4399773
4407029 4408778
4416910 4421522
4448206 4449403
4490723 4511922
4520993 4529573
4551632 4564800
4604339 4619991
4625977 4638013
